1.0 2.0806046117362795
1.1400000000000001 2.301390449116764
1.28 2.351039574771071
1.42 2.1530534228224143
1.56 1.6272599820108788
1.7000000000000002 0.6946264110120195
1.84 -0.7172703242234097
1.98 -2.6683361236818404
2.12 -5.199874252335789
2.2600000000000002 -8.328608372395825
2.4000000000000004 -12.041118525159762
2.54 -16.289000547842083
2.68 -20.985053067522575
2.8200000000000003 -26.000777109196683
2.96 -31.16544158535985
3.1 -36.266924055917485
3.24 -41.05448116844872
3.3800000000000003 -45.24353855354983
3.5200000000000005 -48.52251750264914
3.66 -50.56163769410655
3.8000000000000003 -51.02355404821205
3.9400000000000004 -49.57560419464508
4.08 -45.90336387897047
4.220000000000001 -39.72513382182009
4.36 -30.80691593902209
4.5 -18.97738216160309
4.640000000000001 -4.142297861433413
4.78 13.702163726514812
4.92 34.45778790938252
5.0600000000000005 57.914927101333895
5.2 83.74588291016563
5.340000000000001 111.50154347068468
5.48 140.6116888723646
5.62 170.38929046507306
5.760000000000001 200.03902625500538
5.9 228.67011680197928
6.040000000000001 255.31345683549213
6.180000000000001 278.9428805543676
6.32 298.5002570170054
6.460000000000001 312.9239702461331
6.6000000000000005 321.180200963423
6.74 322.29629763779656
6.880000000000001 315.39540815684734
7.0200000000000005 299.73144414192745
7.16 274.7233716704136
7.300000000000001 239.98776848028427
7.44 195.36856161854996
7.580000000000001 140.9628633209062
7.720000000000001 77.14185830094847
7.86 4.565763389701974
8.0 -75.80801947376139
8.14 -162.7243045350699
8.280000000000001 -254.637664691948
8.420000000000002 -349.728514755453
8.56 -445.9279250590521
8.700000000000001 -540.9511266710919
8.84 -632.3394282304748
8.98 -717.5100161732005
9.120000000000001 -793.8128612610296
9.260000000000002 -858.5937116150388
9.4 -909.261922820001
9.540000000000001 -943.3616660174254
9.680000000000001 -958.6448719690018
9.82 -953.1441191892403
9.96 -925.2435631881388
10.100000000000001 -873.7459366555477
10.24 -797.9336311671105
10.38 -697.6219027410816
10.520000000000001 -573.2023281773835
10.66 -425.67477712179084
10.8 -256.666355409613
10.940000000000001 -68.4360162386997
11.080000000000002 136.1361765259541
11.22 353.57581911055
11.360000000000001 579.8572939122488
11.500000000000002 810.4631793135657
11.64 1040.4594594807459
11.780000000000001 1264.5856283964115
11.920000000000002 1477.3583607174203
12.06 1673.187011366349
12.200000000000001 1846.4988169097128
12.340000000000002 1991.8713155475255
12.48 2104.1691894116966
12.620000000000001 2178.6824727178814
12.760000000000002 2211.262871136463
12.9 2198.4548094075353
13.040000000000001 2137.617772208024
13.180000000000001 2027.0365324756503
13.32 1866.0159749088905
13.46 1654.9574213639069
13.600000000000001 1395.4136484843589
13.740000000000002 1090.120153146671
13.88 743.0006630809269
14.020000000000001 359.14540115247337
14.160000000000002 -55.23881691308544
14.3 -492.9069511333591
14.440000000000001 -945.6822150601066
14.580000000000002 -1404.589626334098
14.72 -1860.0149071582703
14.860000000000001 -2301.8863343224352
